1.959962 1.947655 1.933415 1.928078 1.933753
1.919223 1.899211 1.999161 1.898843 1.903731
1.962639 1.948665 1.904815 1.848863 1.935811
1.893314 1.892145 1.837651 1.856165 1.794219
1.77125 1.801368 1.71183 1.838492 1.78786
1.784855 1.746117 1.730914 1.782654 1.796518
1.711093 1.67283 1.765052 1.713331 1.640048
1.605278 1.699219 1.732153 1.633913 1.517596
1.666627 1.581956 1.714617 1.774017 1.68274
1.590832 1.714984 1.58495 1.535379 1.545899
1.515751 1.599469 1.480434 1.402035 1.544505
1.482913 1.659193 1.457938 1.531187 1.504451
1.503132 1.57489 1.609448 1.563142 1.498378
1.528286 1.48474 1.48228 1.504593 1.649484
1.525617 1.436538 1.484427 1.56642 1.442561
1.525483 1.61061 1.510393 1.503038 1.471685
1.508435 1.362072 1.259879 1.325105 1.33461
1.404191 1.560408 1.453651 1.245946 1.403338
1.479853 1.378082 1.456602 1.356205 1.39021
1.510693 1.2875 1.404397 1.515635 1.462625
1.429517 1.410758 1.511944 1.367615 1.55139
1.302596 1.352762 1.3826 1.38253 1.564715
1.27457 1.493815 1.36333 1.388348 1.355049
1.459537 1.369162 1.458625 1.288573 1.37114
1.292904 1.328011 1.217951 1.467341 1.198595
1.213833 1.295137 1.400828 1.372152 1.334903
1.31452 1.411875 1.368201 1.321024 1.478322
1.47448 1.423869 1.242011 1.295513 1.37359
1.315753 1.281925 1.391412 1.349776 1.3581
1.420513 1.362229 1.408523 1.238135 1.155496
1.213586 1.298627 1.261985 1.360366 1.229105
1.436369 1.360623 1.410086 1.315042 1.434955
1.33134 1.298476 1.270711 1.333338 1.159585
1.276897 1.270997 1.306452 1.413821 1.305672
1.199839 1.119024 1.236525 1.296319 1.237605
1.212447 1.238322 1.146269 1.288907 1.700065
1.222812 1.227077 1.323232 1.449875 1.399808
1.260329 1.360227 1.246971 1.199655 1.335522
1.187689 1.3123 1.333229 1.445842 1.346042
1.273461 1.193725 1.399984 1.188592 1.249601
1.370756 1.341479 1.220506 1.266478 1.325324
1.411012 1.300198 1.207642 1.394539 1.333073
1.201344 1.333663 1.12514 1.321738 1.224766
1.14434 1.242264 1.213989 1.356986 1.270119
1.217361 1.245242 1.320485 1.272992 1.281726
1.377336 1.158208 1.172175 1.19016 1.083281
1.319586 1.171797 1.16794 1.11597 1.094782
1.218467 1.11592 1.114829 1.288056 1.4148
1.169612 1.15996 1.217692 1.139028 1.343851
1.221544 1.209008 1.249349 0.7744461 1.307995
1.251886 1.239314 1.167327 1.41376 1.280495
1.380552 1.464908 1.179548 1.076456 1.319684
1.32541 1.243421 1.177225 1.231013 1.209671
1.108788 1.228133 1.125447 1.147386 1.216683
1.108745 1.135616 1.243772 1.415805 1.347564
1.158626 1.093094 1.337503 1.212686 1.247487
1.349898 1.297072 1.138591 1.19941 1.199719
1.293775 1.137253 1.278524 1.230531 1.254859
1.251168 1.130353 1.238868 1.110247 1.295693
1.153414 1.076319 1.179956 1.198806 1.281323
1.187191 1.171389 1.233423 1.204922 1.205978
1.167142 1.054682 1.231235 1.112426 1.239677
1.191719 1.164212 1.149906 1.199358 1.14761
1.191693 1.208945 1.174684 1.082874 1.145896
1.232861 1.153367 1.098283 1.188968 1.23715
1.189807 1.251444 1.070548 1.500623 1.349277
1.118113 1.045874 1.156825 1.155726 1.166118
1.262769 1.28107 1.265371 1.282298 1.172675
1.193947 1.149583 1.150106 1.228701 1.236966
1.122388 1.135233 1.181495 1.21698 1.14596
1.254114 1.151827 1.153463 1.328892 1.212641
1.108315 1.217866 1.32606 1.194831 1.241981
1.125644 1.210289 1.255943 1.230637 1.160092
1.090055 1.225856 1.229225 1.142904 1.048447
1.283832 1.289176 1.278444 1.354142 1.157713
1.13208 1.126451 1.157111 1.034698 1.189715
1.265924 1.065666 1.230054 1.150641 1.083736
1.191917 1.123988 1.132212 1.053124 1.152127
1.038072 1.235416 1.061539 1.102644 1.207469
1.036126 1.129484 1.093638 1.231222 1.172863
1.133225 1.133852 1.18797 1.084456 1.082748
1.151125 1.079935 1.009826 1.379241 1.216532
1.110486 1.046985 1.226284 1.108536 0.814554
1.131431 1.142749 1.172476 1.023056 1.286053
1.140699 1.109434 1.163472 1.147959 1.044783
1.146121 1.169098 1.194414 0.9759968 1.051843
1.212273 1.132334 1.176086 1.173801 1.05782
1.255153 1.275495 1.159963 1.025678 1.248279
1.172135 1.209087 1.111084 1.266441 1.260287
1.30695 1.119496 1.065972 1.286864 1.14002
1.190567 1.108184 1.062236 1.192635 1.084851
1.047288 1.117634 1.206178 1.068165 1.175518
1.248036 1.14042 1.168005 1.096375 1.076961
1.049601 1.095562 1.185355 1.139735 1.155525
1.238706 1.175707 1.321682 1.183321 1.103387
1.251669 1.174703 1.062755 1.145276 1.13178
1.086343 1.186508 1.122813 1.229681 1.004558
1.052799 1.143513 1.219874 1.125113 1.179168
1.200155 1.213955 1.401623 1.105236 1.105133
1.09831 1.182993 1.148661 1.035053 1.3524
1.185475 1.05315 1.174209 1.131699 1.111747
1.114503 1.15404 1.152783 1.11503 1.082611
1.17213 1.065825 1.209655 1.160484 1.158931
1.082798 1.041423 1.209723 1.211983 1.060853
1.095603 1.157509 1.08522 1.10608 1.136235
1.135464 1.129984 1.028971 1.110537 0.9914628
1.051838 1.072454 1.190173 1.028499 1.172062
1.043209 1.102856 1.141157 1.162541 1.026715
1.095295 1.113815 1.16413 0.9848604 1.199827
1.175474 1.106 1.261403 1.064936 1.149146
1.033623 1.072245 1.064727 1.186456 1.302808
1.097025 1.152588 1.039149 0.9304029 0.9982925
1.078462 1.257318 1.261196 1.149822 0.9379575
1.038577 1.143939 1.045392 0.9567477 1.164582
1.014764 1.100072 1.119364 0.963289 1.116832
0.9673367 1.014932 1.046536 1.188989 1.103572
0.618152 1.042765 1.188204 0.9433526 1.07815
1.15852 1.095693 1.037393 1.168167 1.212204
1.123977 1.126507 1.130117 0.9809468 1.077885
1.064672 1.121629 1.102889 1.092975 1.135483
1.035405 1.020202 1.256144 1.031009 1.110789
1.164417 1.192907 1.16898 1.052277 1.048174
1.06378 1.040619 1.185733 1.028601 1.016617
1.002785 0.912479 1.174794 1.177247 0.9753743
1.175295 1.142459 1.176603 1.101285 1.204099
0.9745423 1.102995 1.126075 1.064378 1.242436
1.071645 1.038796 1.130635 1.080971 1.21611
1.11431 1.044872 1.07699 0.9831547 1.126594
1.019257 1.089991 1.098955 1.120639 1.053772
1.169442 0.9655993 1.168569 0.9504503 1.105311
1.098404 1.001418 1.075303 0.9203553 1.090296
0.9283065 0.9779354 1.026912 1.068265 1.083564
0.9732562 0.9786216 1.194213 0.615734 0.91243
1.093257 1.11132 1.099939 1.052437 1.400319
0.8890019 0.8824685 1.044039 1.010023 1.047068
0.9753662 1.117105 1.029848 0.9977147 1.306225
1.18495 1.232961 1.006651 0.9938713 1.043592
1.09429 1.15424 1.156319 0.8638548 0.9822438
1.097828 1.029036 1.02257 1.062355 1.090454
1.029477 1.042053 1.063102 1.035859 0.9591645
0.9954394 0.9532369 1.07805 0.9242963 1.084488
0.9471825 0.9518214 1.079045 0.8286723 0.9791988
1.144336 1.003691 0.9762433 0.9468664 1.085003
1.019456 1.093863 1.117664 1.083938 1.14389
1.13451 1.165626 1.08877 0.9514292 1.035824
1.046038 1.000228 1.039262 1.005844 1.025087
1.10757 0.9877181 1.34126 0.8393772 0.9812725
1.072385 1.041405 1.075575 1.100407 0.9834411
1.007785 1.068308 1.088732 1.013361 0.8711854
1.088393 2.096046 1.032965 1.030096 1.133259
0.9715042 1.210483 1.302641 1.095642 1.290737
1.001918 1.281627 1.063425 1.265877 1.112938
1.089781 1.134662 1.040581 1.094159 0.9770664
1.144359 1.108398 1.102846 1.132948 1.11058
1.12648 1.001231 0.9419905 1.14536 1.019883
1.19039 0.9974604 0.9886593 1.15173 1.078362
0.9397387 0.9523062 1.189433 0.992701 1.006978
0.9985111 1.10809 1.025131 1.005665 1.026989
1.088582 1.112445 0.9489167 1.173328 0.9716354
1.090572 0.9850316 0.975441 1.203711 0.9673069
1.121069 1.121831 1.035279 1.07444 0.8984103
0.955865 0.9593174 0.8756871 0.91762 0.9932063
0.8747669 0.9351888 0.8969797 1.055086 0.9531571
1.022949 0.9973567 1.018432 0.9175676 0.994445
0.9788066 1.025522 1.05236 0.9463885 1.161951
0.8557911 1.118883 0.9509142 1.028575 1.67037
1.099691 1.12124 1.123673 1.102814 1.020123
0.9439168 0.8691393 1.057833 1.117519 1.238055
1.088589 1.050204 1.170015 0.990016 1.084754
0.9624778 0.9348485 0.8698868 0.9597222 0.8983454
0.9789417 0.9889925 0.9098551 0.9125446 1.061128
0.9279116 1.013418 1.155763 0.8374931 1.206789
1.040865 1.084954 1.005385 1.053985 1.17942
0.8212304 0.9992643 0.9355641 0.9777807 0.9980844
0.9822631 0.8373252 1.005581 1.027773 0.9838899
0.9899519 1.011031 0.9879862 0.9896516 1.142592
0.9814062 0.935845 0.9684506 1.058065 0.9847035
0.8758452 1.010301 1.04213 1.024471 1.092885
1.059059 0.9258106 0.9500362 0.953157 0.9088693
1.012376 0.767729 0.9090523 0.9732913 0.9935148
1.092588 0.9944535 1.023825 0.8542385 0.8760888
0.8894869 0.8648323 0.907557 0.935348 0.8909407
1.003134 0.8293774 1.17799 0.932247 0.9711853
0.8881242 1.154685 0.924069 0.9587154 0.9492428
1.008015 1.025133 1.019175 0.9495394 1.025283
0.9411349 0.9946461 0.8909372 0.9575563 1.028938
1.194569 1.076166 1.00549 1.025193 0.8797827
0.9081137 0.8451574 0.8806981 0.811273 0.9180108
0.9242758 1.215261 0.9286777 1.044332 0.8807991
1.044549 0.9905289 1.238917 0.9684896 0.9465992
0.9804633 0.9585619 1.021272 0.8813484 1.013235
1.029096 0.8920514 0.9844345 1.006913 0.9866159
0.9720507 0.8239395 0.9781931 1.162029 0.9260156
1.024194 0.9298339 0.9197068 1.044932 0.9121709
0.8300862 1.004335 0.9206498 0.9506342 0.8187425
1.061273 0.9023174 0.9342836 0.8207164 0.9588338
0.8793206 0.8979988 0.9538987 1.11923 0.866361
1.047826 0.8611344 1.002023 1.077196 1.061085
0.8550497 0.9653844 1.087847 0.8792918 0.8559152
1.180267 0.9202425 0.7952933 1.00511 0.8952176
1.06362 0.8626914 0.9838295 0.9943099 0.9286934
0.9481729 1.11156 0.908533 0.9544915 0.9313633
0.9945167 0.982218 1.053631 1.089683 0.9486511
0.9214433 0.8583352 1.035471 0.8437141 0.8501934
1.116738 0.9936014 0.9324795 0.9396217 0.831828
0.8036221 0.8829115 0.9791599 0.9186155 0.8543234
0.9509694 0.9588777 0.8712994 1.095853 0.8016323
0.8733357 0.9165958 0.9838539 0.9884704 0.9817834
0.8785753 0.9781766 0.7533597 0.8976993 0.8858113
1.00666 1.020278 1.067396 0.9239736 0.9248578
0.8540224 0.9099923 0.9564986 1.014282 1.086999
0.8571167 0.9421743 0.9646199 1.214986 0.8342946
0.9036862 0.8602478 0.8942099 0.9437444 1.023945
0.9165599 0.858081 1.0154 0.8580317 1.114059
0.8774545 0.9379031 0.9674759 0.8452942 0.9681152
0.7859813 0.939198 0.9351302 0.4769115 0.8453369
1.00325 1.015353 0.9015206 0.9969513 0.9940704
1.008908 0.9849347 0.8517443 1.08881 1.13005
1.091316 0.7941844 0.8184539 1.070699 0.8807598
1.170239 0.8662754 0.9972283 0.9204446 1.059924
0.9537876 0.998611 0.855419 0.9446189 0.8452855
0.9185426 0.8256016 0.9306433 0.886685 0.8905005
1.005569 0.9439445 0.9607015 1.029058 1.068199
1.075878 1.052968 0.9899856 0.9678229 0.916984
0.8326784 0.9310462 0.9548237 0.8411463 0.8654641
0.8388408 0.9943518 0.8206578 0.9212276 0.908726
0.8179477 1.031816 0.935365 0.8500658 0.9308599
0.9104512 0.837127 1.065288 1.110997 0.8673563
0.874891 0.9154348 0.9095547 0.8909485 0.9357873
0.8554567 0.8696019 0.9734219 0.7714563 0.8161047
0.8167873 0.970458 0.9450748 0.947131 0.8930309
1.107537 0.9892585 0.9085824 0.9645332 0.8481885
0.9361699 1.161916 0.9155208 0.9070567 1.028576
1.220161 1.330425 0.9405674 0.9966977 0.9498155
0.9558841 0.9058127 1.086354 1.129662 0.9994481
1.080765 0.9681521 0.8135425 0.9380356 0.9404105
0.8855014 1.015535 0.9095365 0.9655116 1.001104
0.9080669 0.9894506 0.9330339 0.9223849 0.8644181
1.160955 1.017312 0.8548056 0.9212167 0.8879246
0.8323346 0.9351428 0.9099862 0.8353684 0.9248146
0.8522696 0.8324206 0.8382148 0.9732274 0.8327188
0.765855 0.7604583 0.9187496 0.8783092 0.74626
0.958061 0.8540314 0.9395945 0.9878167 0.8280462
0.8075981 0.847405 1.003734 0.9089013 0.8261103
0.7143906 0.7552238 0.7130384 0.8950819 0.9069495
0.8119004 0.8422234 0.8073753 0.8910275 0.8837157
1.101818 0.8941669 0.7714086 0.922878 0.7509921
0.9503456 0.8399256 0.7944949 0.8005403 0.7715398
0.836073 0.9805919 0.8239928 0.8741112 1.451713
0.7812634 0.8362388 0.9137917 0.9301589 0.8819805
1.068282 1.171808 1.192233 0.8815967 1.129694
0.9963503 1.014172 1.021401 1.017339 1.145142
0.9983865 1.036011 0.9202247 0.9598043 1.01795
0.9332543 0.9080216 0.9709967 0.9966508 0.9939172
0.9335908 1.00163 0.8972249 0.9149705 0.8073816
0.8694624 0.9591156 0.9241272 0.9290106 0.7115999
0.8488256 0.8270083 0.8686839 0.8632215 0.841402
0.7368278 0.9152077 1.097979 0.8698115 0.7058684
0.6768367 0.9865819 0.7417027 0.8764312 0.7827493
0.7869502 0.786038 0.860693 0.8971201 0.8520042
0.8837662 0.9040819 0.9123048 0.981559 0.7468553
0.849776 0.9947475 0.8667876 0.7810123 0.8043871
1.020977 0.7463202 0.9726457 0.9009357 0.8333029
0.8634829 0.796317 0.7472901 0.750029 0.8945525
1.01892 0.8306639 0.973134 0.7973108 0.9154649
0.8471403 0.9295484 0.8656849 0.898659 0.856709
0.861802 0.8434891 0.9509842 0.7437333 0.8147028
1.058975 0.8721379 0.9463944 0.872048 0.8866312
0.8656065 0.8358002 1.106267 0.8572007 0.8373641
0.8294336 0.7759179 0.8541428 0.7949676 0.900298
0.8725663 0.945059 1.080027 0.878289 0.7190816
0.7876654 0.899075 0.9157104 0.6915784 0.7489573
0.8053403 0.9260498 0.8522534 0.8238481 0.9032988
0.806486 0.8616061 0.8169504 0.781584 0.8288142
0.7770823 0.9375914 0.8652462 0.6246283 0.6729627
0.8384081 0.8187549 0.8435131 0.9258946 0.8197042
0.7946531 0.9400306 0.6723997 0.818716 0.8428118
0.6622624 0.714473 0.9660432 0.8180093 0.9278967
0.9324372 0.7774135 0.962835 0.8540869 0.8935941
0.9306276 0.9560161 0.8431045 0.9946722 0.7808917
0.7838207 0.8678824 0.7933689 0.795648 0.8229947
1.07046 0.9027357 0.7758878 0.981711 0.7491258
0.9751825 0.8407189 0.8505328 0.9601156 0.8635026
0.8467285 0.8353296 0.9954688 0.7426822 0.7630323
0.8272204 0.8309339 0.9859259 0.9225797 0.8475209
0.8404076 0.7195662 0.8013115 1.062493 0.8562484
0.8291206 0.6920677 0.812204 0.834871 0.8401252
0.7386488 0.73173 0.8467666 0.9431682 0.8755983
0.7395159 0.7935697 0.8926675 0.9512261 0.947609
0.7960501 0.8845896 0.9258969 0.8474804 0.8486775
0.7354664 0.8572738 0.838164 0.8093129 0.8659787
0.8797831 0.843454 0.9073567 0.6956437 0.8016348
0.7171862 0.8500665 0.757898 0.7998698 0.8131008
0.7763727 0.8920258 0.7897378 0.7331184 0.7545958
0.8656267 0.7389897 0.7260798 0.9959195 0.8139437
0.8946344 0.8441991 0.8787521 0.7962353 0.7457604
0.767004 0.7643822 0.866799 0.7302889 0.7819384
0.8870353 0.7760624 0.8362306 0.8631356 0.8026127
0.8046761 0.7552451 0.7033779 0.5886965 0.8073323
0.8963423 0.792031 0.7711613 0.7153399 0.8640847
0.756809 0.7360212 0.705561 0.8602886 0.6880988
0.7725113 0.7752707 0.8110236 0.6329872 0.9058689
0.7357216 0.9374148 0.80389 0.7840632 0.7119855
0.8953229 0.7963426 0.7885449 0.7410484 0.7520704
0.7469814 0.8558746 0.7575654 0.7281787 0.8389489
0.7694657 0.7272532 0.7085751 0.7628534 0.7535787
0.7145264 0.8194005 0.8139936 0.6174441 0.7444154
0.7154331 0.8268424 0.7290829 0.6871117 0.7787497
0.8529692 0.7390901 0.8186654 1.087376 0.7613232
0.7277972 0.6667117 0.739749 0.6092179 0.7072207
0.9051035 0.7911942 0.7652553 0.7685775 0.8482544
0.8260224 0.8619533 0.8835812 0.7631453 0.7695422
0.715502 0.8330761 0.8224967 0.8023626 0.8530654
0.7227314 0.8238409 0.7314927 0.9091793 0.773245
0.7370644 0.8468117 0.7727877 0.7834681 0.7278842
0.7184606 1.502297 0.7083058 0.962276 0.7603342
0.7468325 0.7524682 0.7402707 0.7679221 0.8339499
0.8188927 0.7673013 0.8358895 0.8136572 0.8837743
0.7522949 0.6910539 0.725632 0.8364415 0.7890092
0.7912626 0.8637087 0.7255552 0.8016806 0.8232233
0.7301409 0.7816069 0.8638649 0.7783324 0.7362351
0.7955059 0.7328928 0.7810479 0.8251532 0.8791301
1.153008 0.8334355 0.8327053 0.8715435 0.7716097
0.8024119 0.7778115 0.6329621 0.7394373 0.7531901
0.8001037 0.8096617 0.7958776 0.7227419 0.9437167
0.7143482 0.8116996 0.8011189 0.7447296 0.8577168
0.69189 0.6661053 0.8466325 0.7755532 0.7798141
0.7324235 0.6964264 0.8911391 0.7197234 0.8457047
0.7528515 0.7271228 0.9560011 0.7097696 0.7652102
0.7635736 0.9385704 0.7952586 0.7080401 0.8257239
0.6183833 0.9426702 0.6500564 0.5986789 0.7766255
0.8695149 0.801163 0.8248331 0.8204062 0.5857481
0.7382405 0.8121313 0.7180448 0.6773928 0.6839188
0.7501255 0.7006994 0.7882376 0.6946881 0.7697735
0.7931312 0.9075336 0.7499505 0.8652036 0.6023197
0.6849203 0.8244677 0.6158779 0.7417095 0.7390615
0.8288981 0.6951537 0.7536494 0.7454525 0.8512107
0.6292837 0.6542782 0.7659289 0.949222 0.8411394
0.7812753 0.7923296 0.6925469 1.04337 0.8060389
0.7800139 0.7116943 0.7808921 0.6242202 0.7412024
0.5778283 0.6364783 0.6226948 0.7131571 0.6355925
0.7309257 0.7017921 0.8143679 0.8747411 0.6568431
0.7289171 0.6195071 0.8698212 0.5944245 0.8114522
0.6495785 0.7755678 0.7781765 0.7646898 0.9470318
0.6745926 0.76192 0.660885 0.7474573 0.6874088
0.8159491 0.7557735 0.7052835 0.70916 0.704594
0.7365189 0.8836693 0.8545201 0.8607024 0.7202556
0.731146 0.8757497 0.6924952 0.6642119 0.8091753
0.7191095 0.7237099 0.4787864 0.6552714 0.6963066
0.7659214 0.8457059 0.7978807 0.8562982 0.7298643
0.6731413 0.6585054 0.6844043 0.7535799 0.8091656
0.727599 0.7417601 0.7033103 0.7276481 0.7633444
0.5745152 0.6344749 0.651989 0.8235549 0.8222978
0.7210085 0.7313038 0.592698 0.8506796 0.6169955
0.8101927 0.7237079 0.7197215 0.7024425 0.7801625
0.6997693 0.7081483 0.6532452 0.7016308 0.6389164
0.9792308 0.7483302 0.6402112 0.7477114 0.6913032
0.7124166 0.7510884 0.7545773 0.8340804 0.7141947
0.7849062 0.6553847 0.7063118 0.5634833 0.7709483
0.7339191 0.776511 0.7789261 0.7786588 0.7977254
0.925008 0.7370895 0.7639852 0.6771711 0.7198787
0.7768589 0.6606206 0.6339601 0.850836 0.7155584
0.7859683 0.7481868 0.6907647 0.7981617 0.7351777
0.6099107 0.7913567 0.567735 0.6555058 0.7204746
0.6903999 0.7789787 0.6247134 0.6904721 0.6214545
1.547466 0.8355462 0.7161137 0.7197208 0.9089459
0.9213598 0.7036264 0.6650821 0.8415691 0.9334021
0.9125292 0.9092339 0.6781421 0.7034377 0.7770047
0.8460574 0.8548927 0.6715068 0.7979172 0.7476375
0.9057311 0.7446492 0.7720464 0.7600291 0.6939828
0.5663072 0.6141478 0.7310604 0.7660401 0.7795547
0.8531615 0.7171003 0.7891359 0.7845376 0.6697157
0.6615749 0.7628678 0.7208743 0.7036605 0.8565034
0.6070602 0.6884695 0.7457563 0.7806042 0.6842725
0.6697036 0.6077372 0.7246106 0.7183028 0.7376591
0.8144384 0.6889989 0.7324483 0.7247485 0.67597
0.8133017 0.7735202 0.6810403 0.7483267 0.679701
0.7157826 0.8101817 0.7760196 0.7390265 0.6935411
0.8930427 0.8839801 0.5816158 0.7254511 0.834645
0.7078755 0.6620278 0.7804947 0.6286107 0.6920525
0.6710693 0.7110198 0.6956255 0.7362496 0.7123979
0.6736193 0.8630311 0.7385581 1.649793 0.6894588
0.8097708 0.6636451 0.654922 0.7777904 0.7037907
0.8386635 0.7194536 0.6008303 0.7033349 0.8109767
0.6943385 0.6879662 0.7456769 0.6567184 0.5834299
0.616221 0.7794892 0.72027 0.7506891 0.6885608
0.6843716 0.6814428 0.6307755 0.7051898 0.8123982
0.7209921 0.6566258 0.6376445 0.6854572 0.6788076
0.8573148 0.6799772 0.7614073 0.7047824 0.8572692
0.6380686 0.7069952 0.8626941 0.6066306 0.8666047
0.5351327 0.5814016 0.6777866 0.8178145 0.7766313
0.8042707 0.6493153 0.8554113 0.7302267 0.8219187
0.6886908 0.6742625 0.6738697 0.6369784 0.6284464
0.7369394 0.7329431 0.9001954 0.7089488 0.6061507
0.7070265 0.8084146 0.6550223 0.6589842 0.7060422
0.6849033 0.8503826 0.7577094 0.6972599 0.7446509
0.4877042 0.6373757 0.6020957 0.7359295 0.6462702
0.6496602 0.6006737 0.6038575 0.6907424 0.6557017
0.6926169 1.238743 0.6882927 0.6455187 0.8571082
0.7000597 0.702438 0.777706 0.8302732 0.745493
0.8487197 0.670263 0.7362607 0.7949323 0.6534518
0.8859109 0.758701 0.7355818 0.589507 0.7054769
0.6578337 0.7075471 0.75161 0.6480179 0.6065737
0.7163842 0.6148993 0.7634931 0.6533753 0.6723433
0.6295463 0.6715126 0.6925917 0.7114254 0.7652847
0.6702959 0.683849 0.6932004 0.7514369 0.6201898
0.6331266 0.7427184 0.5785369 0.5737529 0.895318
0.7055445 0.6792681 0.6756728 0.6183082 0.7479209
0.7775495 0.8806878 0.6783325 0.6801901 0.6936197
0.7568192 0.6708556 0.6125816 0.6591723 0.7153297
0.6392131 0.6101994 0.6546906 0.6019338 0.7320598
0.7919589 0.6166384 0.6383219 0.6654629 0.7495897
0.5793635 0.6018362 0.7238689 0.6880175 0.7439722
0.7793477 0.6592594 0.5684841 0.6327682 0.688861
0.7651328 0.6456339 0.7151762 0.7150053 0.5412306
0.6402 0.5860972 0.8474468 0.6367658 0.5454198
0.5802653 0.6223472 0.675534 0.6740257 0.6624217
0.5809656 0.5776346 0.6153758 0.6919579 0.5512488
0.6845456 0.6464111 0.5632135 0.6279699 0.5180928
0.7275422 0.6207799 0.5586901 0.5928376 0.5069482
0.745453 0.5948888 0.8476517 0.8486292 0.6092316
0.6039369 0.6686527 0.8079091 0.5480568 0.6568844
0.6133447 0.8151383 0.5581315 0.593069 0.7204204
0.7187322 0.7171223 0.5618443 0.5927672 0.8406529
0.5975819 0.7217056 0.5796874 0.8067155 0.6433662
0.552956 0.6826621 0.5884596 0.7063048 0.6757814
0.5735375 0.6983144 0.6622428 0.6846351 0.6876698
0.638177 0.6922619 0.6884684 0.6578994 0.7407499
0.6178408 0.7431849 0.5425411 0.7128481 0.5449265
0.760685 0.6759648 0.774314 0.6993827 0.670058
0.6070198 0.8252747 0.6937432 0.6097999 0.6189238
0.5575228 0.6181512 0.7072384 0.5745307 0.7211418
0.5573395 0.6409293 0.6999382 0.7856556 0.5866778
0.5293995 0.6030787 0.648665 0.5293636 0.5524614
0.7708766 0.7627165 0.8413668 0.6360297 0.6137273
0.6808913 0.5540567 0.7086536 0.5913343 0.4940397
0.6491856 0.4905228 0.6509143 0.5714792 0.6081502
0.6481177 0.6125526 0.5885373 0.6597261 0.5940251
0.5009106 0.6553574 0.637888 0.6313152 0.6234983
0.6054008 0.5491792 0.6792633 0.5119759 0.6133984
0.5806445 0.579977 0.7602502 0.7030274 0.7151102
0.6391833 0.4509185 0.5518142 0.8379256 0.6108021
0.472246 0.6553268 0.6413248 0.5275841 0.6239995
0.6279462 0.6134592 0.7488323 0.685232 0.6688741
0.6318873 0.7002523 0.6711777 0.6152259 0.5975747
0.5350994 0.7087336 0.518086 0.5205669 0.6244507
0.5530836 0.5950397 0.6019572 0.6414811 0.4880317
0.7303056 0.5452867 0.7087457 0.5940988 0.8024322
1.048738 0.5114549 0.6017274 0.7182305 0.8013727
0.7463585 0.6039281 0.6630879 0.7337287 0.6093475
0.6250039 0.7481604 0.7164837 0.8331928 0.6411019
0.6643932 0.5707448 0.5246757 0.8908589 0.7300149
0.6064932 0.5820293 0.5351022 0.5858569 0.6878744
0.6375431 0.5533953 0.5866248 0.7027633 0.5885882
0.5578712 0.5430645 0.588254 0.5730538 0.6264216
0.5948921 0.5867335 0.6069806 0.9257174 0.4998132
0.6962925 0.485357 0.5906147 0.5743509 0.8260366
0.6546288 0.5341815 0.5837595 0.6040745 0.6771213
0.6487922 0.7466506 0.6514803 0.5611259 0.5559125
0.6408586 0.7635456 0.6252972 0.4511811 0.8054847
0.7142966 0.5979249 0.618185 0.5321651 0.6875945
0.61103 0.5517682 0.5718413 0.6132945 0.5447419
0.6274688 0.7712641 0.6289496 0.7329218 0.5696138
0.6628039 0.6348422 0.4827262 0.5747482 0.4849886
0.6846166 0.8295988 0.5849589 0.1290109 0.5949772
0.6788371 0.6712011 0.669248 0.6177198 0.6315906
0.4538447 0.6390081 0.4721271 0.4685212 0.6004894
0.6313238 0.5891159 0.5270475 0.8620812 0.7423002
0.4935294 0.6059228 0.4536748 0.4554515 0.601285
0.6424912 0.5813586 0.6230838 0.5149719 0.6026108
0.6995733 0.7735264 0.5293621 0.5189447 0.4641264
0.6254152 0.6681356 0.4520857 0.6702653 0.6018686
0.7413009 0.5754839 0.6860496 0.676591 0.6378352
0.5979239 0.6183159 0.5307907 0.6452104 0.7130738
0.5071848 0.5510811 0.5734138 0.646517 0.5237745
0.6291288 0.6288745 0.6875911 0.499831 0.5925827
0.6047711 0.6802579 0.6755987 0.7410325 0.6096701
0.540735 0.5386659 0.4809015 0.6597763 0.5797002
0.5719654 0.4853674 0.5856206 0.6459193 0.6059584
0.5959939 0.6307299 0.4774666 0.6838022 0.5604855
0.6948754 0.4520855 0.5462333 0.5619234 0.7827801
0.576937 1.586552 0.677801 0.6694987 0.7908877
0.650098 0.4606823 0.737214 0.6390386 0.6408765
0.7068653 0.674237 0.85864 0.8236915 0.7242392
0.7755648 0.6839578 0.8903055 0.7110839 0.6599548
0.923386 0.7548708 0.9291941 0.7020557 0.648562
0.7552011 0.7127963 0.6838388 0.7410332 0.7119897
0.7250695 0.6927801 0.6572804 0.55676 0.6468817
0.7602054 0.7264984 0.6177562 0.6090372 0.6693194
0.6074501 0.7429771 0.5124335 0.6132491 0.8729636
0.5321648 0.5961473 0.6983443 0.857726 0.5926043
0.6567218 0.6255472 0.7638034 0.6726913 0.6921486
0.6079175 0.7631435 0.6781196 0.6858455 0.6560425
0.6422179 0.6562821 0.6605472 0.6800476 0.6491349
0.7118611 0.6876597 0.5845413 0.7453447 0.6305587
0.5833302 0.7149134 0.532684 0.6255628 0.6731768
0.500901 0.5271763 0.5738642 0.6004447 0.5853368
0.5361938 0.6242222 0.4730199 0.4889966 1.988606
